%% INPUT: a sequence of rx data
%% Type: 1 short, 2 long, 3 cp+long, 4 rawofdm, 0 self-defined seq
function [] = Correlate(rxdata, type, seq)
  
  % 11a style
  short = [
   0.0460 + 0.0460i;
  -0.1324 + 0.0023i;
  -0.0135 - 0.0785i;
   0.1428 - 0.0127i;
   0.0920          ;
   0.1428 - 0.0127i;
  -0.0135 - 0.0785i;
  -0.1324 + 0.0023i;
   0.0460 + 0.0460i;
   0.0023 - 0.1324i;
  -0.0785 - 0.0135i;
  -0.0127 + 0.1428i;
        0 + 0.0920i;
  -0.0127 + 0.1428i;
  -0.0785 - 0.0135i;
   0.0023 - 0.1324i
   ];

  cp = [
   -0.1562          ;
   0.0123 - 0.0976i;
   0.0917 - 0.1059i;
  -0.0919 - 0.1151i;
  -0.0028 - 0.0538i;
   0.0751 + 0.0740i;
  -0.1273 + 0.0205i;
  -0.1219 + 0.0166i;
  -0.0350 + 0.1509i;
  -0.0565 + 0.0218i;
  -0.0603 - 0.0813i;
   0.0696 - 0.0141i;
   0.0822 - 0.0924i;
  -0.1313 - 0.0652i;
  -0.0572 - 0.0393i;
   0.0369 - 0.0983i;
   0.0625 + 0.0625i;
   0.1192 + 0.0041i;
  -0.0225 - 0.1607i;
   0.0587 + 0.0149i;
   0.0245 + 0.0585i;
  -0.1368 + 0.0474i;
   0.0010 + 0.1150i;
   0.0533 - 0.0041i;
   0.0975 + 0.0259i;
  -0.0383 + 0.1062i;
  -0.1151 + 0.0552i;
   0.0598 + 0.0877i;
   0.0211 - 0.0279i;
   0.0968 - 0.0828i;
   0.0397 + 0.1112i;
  -0.0051 + 0.1203i
  ];

  long = [
    0.1562         ;
  -0.0051 - 0.1203i;
   0.0397 - 0.1112i;
   0.0968 + 0.0828i;
   0.0211 + 0.0279i;
   0.0598 - 0.0877i;
  -0.1151 - 0.0552i;
  -0.0383 - 0.1062i;
   0.0975 - 0.0259i;
   0.0533 + 0.0041i;
   0.0010 - 0.1150i;
  -0.1368 - 0.0474i;
   0.0245 - 0.0585i;
   0.0587 - 0.0149i;
  -0.0225 + 0.1607i;
   0.1192 - 0.0041i;
   0.0625 - 0.0625i;
   0.0369 + 0.0983i;
  -0.0572 + 0.0393i;
  -0.1313 + 0.0652i;
   0.0822 + 0.0924i;
   0.0696 + 0.0141i;
  -0.0603 + 0.0813i;
  -0.0565 - 0.0218i;
  -0.0350 - 0.1509i;
  -0.1219 - 0.0166i;
  -0.1273 - 0.0205i;
   0.0751 - 0.0740i;
  -0.0028 + 0.0538i;
  -0.0919 + 0.1151i;
   0.0917 + 0.1059i;
   0.0123 + 0.0976i;
  -0.1562          ;
   0.0123 - 0.0976i;
   0.0917 - 0.1059i;
  -0.0919 - 0.1151i;
  -0.0028 - 0.0538i;
   0.0751 + 0.0740i;
  -0.1273 + 0.0205i;
  -0.1219 + 0.0166i;
  -0.0350 + 0.1509i;
  -0.0565 + 0.0218i;
  -0.0603 - 0.0813i;
   0.0696 - 0.0141i;
   0.0822 - 0.0924i;
  -0.1313 - 0.0652i;
  -0.0572 - 0.0393i;
   0.0369 - 0.0983i;
   0.0625 + 0.0625i;
   0.1192 + 0.0041i;
  -0.0225 - 0.1607i;
   0.0587 + 0.0149i;
   0.0245 + 0.0585i;
  -0.1368 + 0.0474i;
   0.0010 + 0.1150i;
   0.0533 - 0.0041i;
   0.0975 + 0.0259i;
  -0.0383 + 0.1062i;
  -0.1151 + 0.0552i;
   0.0598 + 0.0877i;
   0.0211 - 0.0279i;
   0.0968 - 0.0828i;
   0.0397 + 0.1112i;
  -0.0051 + 0.1203i
  ];

  rawofdm_sts_a = [
   1.2984 - 0.8548j;
  -1.0196 + 0.3308j;
  -0.1185 + 0.3173j; 
   0.5303 + 0.8118j;
  -0.1019 + 0.7091j;
   0.2147 - 0.4824j;
  -0.6892 + 0.3757j;
   0.4383 + 0.0783j;
   0.4786 - 1.1558j;
  -0.1643 - 0.4001j;
   0.3664 + 0.6463j;
  -0.3522 + 0.4780j;
   0.2358 + 0.0465j;
   0.4488 + 0.5154j;
   0.0414 + 1.0010j;
   0.1826 + 1.5399j;
  -0.1926 + 0.9062j;
  -0.1387 - 0.8931j;
  -0.1599 - 0.6938j;
   0.1183 - 0.2761j;
   0.0605 - 0.3776j;
   0.3285 + 0.2880j;
   0.5988 - 0.1381j;
  -0.5900 - 1.3076j;
  -0.7603 - 1.0833j;
  -0.7019 + 0.0782j;
  -0.4639 - 0.0143j;
  -0.3260 - 0.3310j;
   0.5487 - 0.2704j;
   1.6965 - 0.3181j;
  -1.1422 + 0.5860j;
  -0.6653 - 0.1119j
  ];

  rawofdm_sts_b = [
 -2.670712947845459 - 2.180722713470459i
 -0.651309609413147 + 1.010068058967590i
  0.527148604393005 + 1.763299226760864i
  1.970795154571533 - 0.972449064254761i
 -1.084294557571411 - 0.210654646158218i
 -1.231719493865967 + 0.594141066074371i
 -0.646610617637634 - 1.151523709297180i
 -1.194927215576172 - 0.873271703720093i
  0.479463338851929 - 1.442418932914734i
  0.283250272274017 - 0.732088685035706i
 -0.014967918395996 + 0.870575070381165i
 -0.883156239986420 - 1.091405987739563i
  0.841613650321960 + 1.558691740036011i
  1.162610769271851 + 2.308510541915894i
 -2.203146219253540 - 1.207847118377686i
  0.550024509429932 + 1.909584999084473i
  0.973607599735260 + 2.049424171447754i
 -1.049502491950989 - 0.651550054550171i
  1.411922574043274 - 0.662048041820526i
  2.327744960784912 - 2.089462041854858i
  0.974457740783691 - 0.650885224342346i
  0.304966032505035 + 0.454963862895966i
  2.090454101562500 - 0.684922099113464i
  0.659242093563080 - 0.879358410835266i
 -0.866571307182312 - 0.645443797111511i
  0.273810207843781 + 1.644728302955627i
 -1.712809562683105 + 1.624717116355896i
  0.456649601459503 - 0.386361002922058i
  1.674814581871033 - 0.070392310619354i
 -0.167259514331818 + 0.682005345821381i
  0.225631237030029 + 1.040151357650757i
 -2.811218738555908 - 0.928055703639984i
  ];
  rawofdm_sts_b = rawofdm_sts_b ./ 2;

  rawofdm_lts_a = [
 -0.324729651212692 - 0.648506164550781i
 -0.301016688346863 + 0.359643161296844i
 -0.147326365113258 + 1.058500766754150i
  0.308397918939590 + 0.353920727968216i
  0.113463878631592 - 0.555182576179504i
  0.783052086830139 - 0.210373610258102i
  1.038782119750977 + 0.523121595382690i
  0.038778871297836 + 1.057318687438965i
  0.303817242383957 + 0.611358046531677i
  0.351564615964890 + 0.193092763423920i
  0.042094588279724 + 0.011735804378986i
 -0.725173592567444 - 0.853282272815704i
 -1.025235891342163 + 0.565869688987732i
 -0.180808752775192 + 1.309297442436218i
 -0.232895791530609 - 0.031507849693298i
  0.803657352924347 + 0.023751318454742i
  0.809926629066467 + 0.388462454080582i
 -0.696269154548645 + 1.213965773582458i
  0.536057114601135 - 0.360280871391296i
  0.534684121608734 - 1.910227775573730i
 -0.368418514728546 + 0.425022453069687i
  0.956639289855957 + 0.734396398067474i
  0.715041041374207 + 0.537298798561096i
 -0.114415407180786 + 0.320772647857666i
  0.258616387844086 - 0.332280337810516i
  0.405675143003464 + 0.680152058601379i
  0.968100428581238 - 0.588708758354187i
  0.505425691604614 - 0.558997452259064i
 -0.708929419517517 + 0.109176024794579i
 -0.107907086610794 - 1.016447663307190i
  0.014984667301178 + 0.613836824893951i
 -0.272099196910858 + 0.367176473140717i
  0.267610937356949 - 1.178259372711182i
 -0.502658367156982 - 0.648753941059113i
 -0.524189591407776 - 0.665371358394623i
  0.179502278566360 + 0.150814265012741i
 -0.793793082237244 + 0.505022168159485i
 -1.009974360466003 - 0.379487127065659i
  0.107874453067780 - 0.148828387260437i
  0.290660738945007 + 0.710338413715363i
 -0.821817219257355 + 0.384588837623596i
  0.023147732019424 - 0.065792113542557i
  1.620932698249817 + 0.389522135257721i
 -0.228508919477463 - 0.353674590587616i
 -0.821103811264038 - 0.008949890732765i
  0.688975334167480 + 0.764788985252380i
  0.194231986999512 + 0.098834812641144i
 -0.246814742684364 + 0.934092581272125i
 -0.280057817697525 + 0.248521834611893i
 -1.127288818359375 - 1.080757260322571i
 -1.408289909362793 - 0.583601474761963i
 -0.066827774047852 - 0.672649919986725i
 -0.003877311944962 - 0.231080800294876i
 -0.951217770576477 - 0.248973965644836i
  0.549793362617493 - 0.196395725011826i
  0.285471946001053 + 0.495385587215424i
 -0.476266354322433 - 0.027247756719589i
  0.536776483058929 - 0.045307524502277i
 -0.651929199695587 + 0.185041368007660i
 -0.215558499097824 + 0.494138538837433i
  0.370194315910339 + 0.114210337400436i
 -0.757714629173279 - 1.359393239021301i
  0.677338123321533 - 1.213922619819641i
  0.811844050884247 - 0.758927166461945i];
